U_Omega
refinement;error p=1;diameter h;#cells;error;convergence_rate;
1;1;4;0.0143112,
2;0.25;64;0.00198132 (2.8526),
3;0.125;868;0.000315628 (2.65017),
4;0.0625;5464;8.8989e-05 (1.82652),
5;0.03125;30292;0.000150816 (-0.761091),


Q_Omega
refinement;error p=1;diameter h;#cells;error;convergence_rate;
1;1;4;0.0702271,
2;0.25;64;0.0337863 (1.05559),
3;0.125;868;0.0179285 (0.914184),
4;0.0625;5464;0.0114661 (0.644879),
5;0.03125;30292;0.013498 (-0.235375),


u_omega
refinement;error p=1;diameter h;#cells;error;convergence_rate;
1;0.707107;2;0.0808557,
2;0.353553;4;0.0232228 (1.79981),
3;0.176777;8;0.00646142 (1.84562),
4;0.0883883;16;0.00174241 (1.89076),
5;0.0441942;32;0.000463454 (1.91059),


q_omega
refinement;error p=1;diameter h;#cells;error;convergence_rate;
1;0.707107;2;0.290356,
2;0.353553;4;0.177883 (0.706897),
3;0.176777;8;0.104293 (0.77028),
4;0.0883883;16;0.0572418 (0.865505),
5;0.0441942;32;0.0302429 (0.92047),


