U_Omega
refinement;error p=1;diameter h;#cells;error;convergence_rate;
1;1;4;0.0279311,
2;0.5;16;0.0100763 (1.4709),
3;0.25;64;0.00428402 (1.23394),
4;0.125;256;0.00203736 (1.07226),
5;0.0625;1024;0.000731911 (1.47696),
6;0.03125;4096;0.00031354 (1.22302),
7;0.015625;16384;0.000137525 (1.18896),


Q_Omega
refinement;error p=1;diameter h;#cells;error;convergence_rate;
1;1;4;0.161624,
2;0.5;16;0.119453 (0.436199),
3;0.25;64;0.0800902 (0.57674),
4;0.125;256;0.0643504 (0.315678),
5;0.0625;1024;0.0431021 (0.578191),
6;0.03125;4096;0.0311733 (0.467447),
7;0.015625;16384;0.022841 (0.448683),


u_omega
refinement;error p=1;diameter h;#cells;error;convergence_rate;
1;0.707107;2;0.0808557,
2;0.353553;4;0.0232228 (1.79981),
3;0.176777;8;0.00646142 (1.84562),
4;0.0883883;16;0.00174241 (1.89076),
5;0.0441942;32;0.000463454 (1.91059),
6;0.0220971;64;0.000122962 (1.91421),
7;0.0110485;128;3.27654e-05 (1.90797),


q_omega
refinement;error p=1;diameter h;#cells;error;convergence_rate;
1;0.707107;2;0.290356,
2;0.353553;4;0.177883 (0.706897),
3;0.176777;8;0.104293 (0.77028),
4;0.0883883;16;0.0572418 (0.865505),
5;0.0441942;32;0.0302429 (0.92047),
6;0.0220971;64;0.0156487 (0.950559),
7;0.0110485;128;0.00799957 (0.968045),


